0000000000000000000000000000000000000000000000000000000000000000
0000000000000000000000000000000000000000000000000000000000000000
0000000000000000000000000000000000000000000000000000000000000000
0000000000000000000000000000000000000000000000000000000000000000
0000000000000000000000000000000000000000000000000000000000000000
0000000000000000000000000000000000000000000000000000000000000000
000000000000000000000000000000000000000000000000000000000000000N
0000000000000000000000000000000000000000000000000000000000000000
0000000000000000000000000000000000000000000000000000000000000N0N
0000000000000000000000000000000000000000000000000000000000000000
0000000000000000B00B00B00B00000I000000I00000000000000000000N0N0N
0000000000000000000000000000000000000000000000000000000000000000
N0N0N0N0N0N0N0N0N0N0N0N0N0N000000000000000000J00K00L00M00N0N0N0N
0000000000000000000000000000000000000000000000000000000000000000